Cantilever Beam Convergence Test (N=16)
     17      1      1      1
     1   1   1   1   1   1   1       0.0       0.0       0.0
     2   0   0   0   0   0   0    0.625000       0.0       0.0
     3   0   0   0   0   0   0    1.250000       0.0       0.0
     4   0   0   0   0   0   0    1.875000       0.0       0.0
     5   0   0   0   0   0   0    2.500000       0.0       0.0
     6   0   0   0   0   0   0    3.125000       0.0       0.0
     7   0   0   0   0   0   0    3.750000       0.0       0.0
     8   0   0   0   0   0   0    4.375000       0.0       0.0
     9   0   0   0   0   0   0    5.000000       0.0       0.0
     10   0   0   0   0   0   0    5.625000       0.0       0.0
     11   0   0   0   0   0   0    6.250000       0.0       0.0
     12   0   0   0   0   0   0    6.875000       0.0       0.0
     13   0   0   0   0   0   0    7.500000       0.0       0.0
     14   0   0   0   0   0   0    8.125000       0.0       0.0
     15   0   0   0   0   0   0    8.750000       0.0       0.0
     16   0   0   0   0   0   0    9.375000       0.0       0.0
     17   0   0   0   0   0   0    10.000000       0.0       0.0

     1       1
     17      3   -1000.0
     4       16       1
     1   2.1000E+11  8.0769E+10  2.0000E-02  6.6667E-05  1.6667E-05  8.3333E-05
     1     1      2       1
     2     2      3       1
     3     3      4       1
     4     4      5       1
     5     5      6       1
     6     6      7       1
     7     7      8       1
     8     8      9       1
     9     9      10       1
     10     10      11       1
     11     11      12       1
     12     12      13       1
     13     13      14       1
     14     14      15       1
     15     15      16       1
     16     16      17       1

