Cantilever Beam Convergence Test (N=64)
     65      1      1      1
     1   1   1   1   1   1   1       0.0       0.0       0.0
     2   0   0   0   0   0   0    0.156250       0.0       0.0
     3   0   0   0   0   0   0    0.312500       0.0       0.0
     4   0   0   0   0   0   0    0.468750       0.0       0.0
     5   0   0   0   0   0   0    0.625000       0.0       0.0
     6   0   0   0   0   0   0    0.781250       0.0       0.0
     7   0   0   0   0   0   0    0.937500       0.0       0.0
     8   0   0   0   0   0   0    1.093750       0.0       0.0
     9   0   0   0   0   0   0    1.250000       0.0       0.0
     10   0   0   0   0   0   0    1.406250       0.0       0.0
     11   0   0   0   0   0   0    1.562500       0.0       0.0
     12   0   0   0   0   0   0    1.718750       0.0       0.0
     13   0   0   0   0   0   0    1.875000       0.0       0.0
     14   0   0   0   0   0   0    2.031250       0.0       0.0
     15   0   0   0   0   0   0    2.187500       0.0       0.0
     16   0   0   0   0   0   0    2.343750       0.0       0.0
     17   0   0   0   0   0   0    2.500000       0.0       0.0
     18   0   0   0   0   0   0    2.656250       0.0       0.0
     19   0   0   0   0   0   0    2.812500       0.0       0.0
     20   0   0   0   0   0   0    2.968750       0.0       0.0
     21   0   0   0   0   0   0    3.125000       0.0       0.0
     22   0   0   0   0   0   0    3.281250       0.0       0.0
     23   0   0   0   0   0   0    3.437500       0.0       0.0
     24   0   0   0   0   0   0    3.593750       0.0       0.0
     25   0   0   0   0   0   0    3.750000       0.0       0.0
     26   0   0   0   0   0   0    3.906250       0.0       0.0
     27   0   0   0   0   0   0    4.062500       0.0       0.0
     28   0   0   0   0   0   0    4.218750       0.0       0.0
     29   0   0   0   0   0   0    4.375000       0.0       0.0
     30   0   0   0   0   0   0    4.531250       0.0       0.0
     31   0   0   0   0   0   0    4.687500       0.0       0.0
     32   0   0   0   0   0   0    4.843750       0.0       0.0
     33   0   0   0   0   0   0    5.000000       0.0       0.0
     34   0   0   0   0   0   0    5.156250       0.0       0.0
     35   0   0   0   0   0   0    5.312500       0.0       0.0
     36   0   0   0   0   0   0    5.468750       0.0       0.0
     37   0   0   0   0   0   0    5.625000       0.0       0.0
     38   0   0   0   0   0   0    5.781250       0.0       0.0
     39   0   0   0   0   0   0    5.937500       0.0       0.0
     40   0   0   0   0   0   0    6.093750       0.0       0.0
     41   0   0   0   0   0   0    6.250000       0.0       0.0
     42   0   0   0   0   0   0    6.406250       0.0       0.0
     43   0   0   0   0   0   0    6.562500       0.0       0.0
     44   0   0   0   0   0   0    6.718750       0.0       0.0
     45   0   0   0   0   0   0    6.875000       0.0       0.0
     46   0   0   0   0   0   0    7.031250       0.0       0.0
     47   0   0   0   0   0   0    7.187500       0.0       0.0
     48   0   0   0   0   0   0    7.343750       0.0       0.0
     49   0   0   0   0   0   0    7.500000       0.0       0.0
     50   0   0   0   0   0   0    7.656250       0.0       0.0
     51   0   0   0   0   0   0    7.812500       0.0       0.0
     52   0   0   0   0   0   0    7.968750       0.0       0.0
     53   0   0   0   0   0   0    8.125000       0.0       0.0
     54   0   0   0   0   0   0    8.281250       0.0       0.0
     55   0   0   0   0   0   0    8.437500       0.0       0.0
     56   0   0   0   0   0   0    8.593750       0.0       0.0
     57   0   0   0   0   0   0    8.750000       0.0       0.0
     58   0   0   0   0   0   0    8.906250       0.0       0.0
     59   0   0   0   0   0   0    9.062500       0.0       0.0
     60   0   0   0   0   0   0    9.218750       0.0       0.0
     61   0   0   0   0   0   0    9.375000       0.0       0.0
     62   0   0   0   0   0   0    9.531250       0.0       0.0
     63   0   0   0   0   0   0    9.687500       0.0       0.0
     64   0   0   0   0   0   0    9.843750       0.0       0.0
     65   0   0   0   0   0   0    10.000000       0.0       0.0

     1       1
     65      3   -1000.0
     4       64       1
     1   2.1000E+11  8.0769E+10  2.0000E-02  6.6667E-05  1.6667E-05  8.3333E-05
     1     1      2       1
     2     2      3       1
     3     3      4       1
     4     4      5       1
     5     5      6       1
     6     6      7       1
     7     7      8       1
     8     8      9       1
     9     9      10       1
     10     10      11       1
     11     11      12       1
     12     12      13       1
     13     13      14       1
     14     14      15       1
     15     15      16       1
     16     16      17       1
     17     17      18       1
     18     18      19       1
     19     19      20       1
     20     20      21       1
     21     21      22       1
     22     22      23       1
     23     23      24       1
     24     24      25       1
     25     25      26       1
     26     26      27       1
     27     27      28       1
     28     28      29       1
     29     29      30       1
     30     30      31       1
     31     31      32       1
     32     32      33       1
     33     33      34       1
     34     34      35       1
     35     35      36       1
     36     36      37       1
     37     37      38       1
     38     38      39       1
     39     39      40       1
     40     40      41       1
     41     41      42       1
     42     42      43       1
     43     43      44       1
     44     44      45       1
     45     45      46       1
     46     46      47       1
     47     47      48       1
     48     48      49       1
     49     49      50       1
     50     50      51       1
     51     51      52       1
     52     52      53       1
     53     53      54       1
     54     54      55       1
     55     55      56       1
     56     56      57       1
     57     57      58       1
     58     58      59       1
     59     59      60       1
     60     60      61       1
     61     61      62       1
     62     62      63       1
     63     63      64       1
     64     64      65       1

