Cantilever Beam Convergence Test (N=4)
     5      1      1      1
     1   1   1   1   1   1   1       0.0       0.0       0.0
     2   0   0   0   0   0   0    2.500000       0.0       0.0
     3   0   0   0   0   0   0    5.000000       0.0       0.0
     4   0   0   0   0   0   0    7.500000       0.0       0.0
     5   0   0   0   0   0   0    10.000000       0.0       0.0

     1       1
     5      3   -1000.0
     4       4       1
     1   2.1000E+11  8.0769E+10  2.0000E-02  6.6667E-05  1.6667E-05  8.3333E-05
     1     1      2       1
     2     2      3       1
     3     3      4       1
     4     4      5       1

