Plate Element Test - 4 Elements (2x2 Grid)
9      1   1   1
1     1   1   1   1   1   1   0.000   0.000   0.000
2     1   1   1   1   1   1   4.000   0.000   0.000
3     1   1   1   1   1   1   8.000   0.000   0.000
4     1   1   1   1   1   1   0.000   4.000   0.000
5     1   1   0   0   0   1   4.000   4.000   0.000
6     1   1   1   1   1   1   8.000   4.000   0.000
7     1   1   1   1   1   1   0.000   8.000   0.000
8     1   1   1   1   1   1   4.000   8.000   0.000
9     1   1   1   1   1   1   8.000   8.000   0.000
1   1
5       3   -64.000
3   4   1
1   2.0e+11   0.30   0.010
1       1   2   5   4   1
2       2   3   6   5   1
3       4   5   8   7   1
4       5   6   9   8   1
