Plate Element Test - 16 Elements (4x4 Grid)
25     1   1   1
1     1   1   1   1   1   1   0.000   0.000   0.000
2     1   1   1   1   1   1   2.000   0.000   0.000
3     1   1   1   1   1   1   4.000   0.000   0.000
4     1   1   1   1   1   1   6.000   0.000   0.000
5     1   1   1   1   1   1   8.000   0.000   0.000
6     1   1   1   1   1   1   0.000   2.000   0.000
7     1   1   0   0   0   1   2.000   2.000   0.000
8     1   1   0   0   0   1   4.000   2.000   0.000
9     1   1   0   0   0   1   6.000   2.000   0.000
10    1   1   1   1   1   1   8.000   2.000   0.000
11    1   1   1   1   1   1   0.000   4.000   0.000
12    1   1   0   0   0   1   2.000   4.000   0.000
13    1   1   0   0   0   1   4.000   4.000   0.000
14    1   1   0   0   0   1   6.000   4.000   0.000
15    1   1   1   1   1   1   8.000   4.000   0.000
16    1   1   1   1   1   1   0.000   6.000   0.000
17    1   1   0   0   0   1   2.000   6.000   0.000
18    1   1   0   0   0   1   4.000   6.000   0.000
19    1   1   0   0   0   1   6.000   6.000   0.000
20    1   1   1   1   1   1   8.000   6.000   0.000
21    1   1   1   1   1   1   0.000   8.000   0.000
22    1   1   1   1   1   1   2.000   8.000   0.000
23    1   1   1   1   1   1   4.000   8.000   0.000
24    1   1   1   1   1   1   6.000   8.000   0.000
25    1   1   1   1   1   1   8.000   8.000   0.000
1   9
7       3   -7.111
8       3   -7.111
9       3   -7.111
12      3   -7.111
13      3   -7.111
14      3   -7.111
17      3   -7.111
18      3   -7.111
19      3   -7.111
3   16   1
1   2.0e+11   0.30   0.010
1       1   2   7   6   1
2       2   3   8   7   1
3       3   4   9   8   1
4       4   5   10   9   1
5       6   7   12   11   1
6       7   8   13   12   1
7       8   9   14   13   1
8       9   10   15   14   1
9       11   12   17   16   1
10      12   13   18   17   1
11      13   14   19   18   1
12      14   15   20   19   1
13      16   17   22   21   1
14      17   18   23   22   1
15      18   19   24   23   1
16      19   20   25   24   1
