Plate Element Test - 64 Elements (8x8 Grid)
81     1   1   1
1     1   1   1   1   1   1   0.00000   0.00000   0.00000
2     1   1   1   1   1   1   1.00000   0.00000   0.00000
3     1   1   1   1   1   1   2.00000   0.00000   0.00000
4     1   1   1   1   1   1   3.00000   0.00000   0.00000
5     1   1   1   1   1   1   4.00000   0.00000   0.00000
6     1   1   1   1   1   1   5.00000   0.00000   0.00000
7     1   1   1   1   1   1   6.00000   0.00000   0.00000
8     1   1   1   1   1   1   7.00000   0.00000   0.00000
9     1   1   1   1   1   1   8.00000   0.00000   0.00000
10    1   1   1   1   1   1   0.00000   1.00000   0.00000
11    1   1   0   0   0   1   1.00000   1.00000   0.00000
12    1   1   0   0   0   1   2.00000   1.00000   0.00000
13    1   1   0   0   0   1   3.00000   1.00000   0.00000
14    1   1   0   0   0   1   4.00000   1.00000   0.00000
15    1   1   0   0   0   1   5.00000   1.00000   0.00000
16    1   1   0   0   0   1   6.00000   1.00000   0.00000
17    1   1   0   0   0   1   7.00000   1.00000   0.00000
18    1   1   1   1   1   1   8.00000   1.00000   0.00000
19    1   1   1   1   1   1   0.00000   2.00000   0.00000
20    1   1   0   0   0   1   1.00000   2.00000   0.00000
21    1   1   0   0   0   1   2.00000   2.00000   0.00000
22    1   1   0   0   0   1   3.00000   2.00000   0.00000
23    1   1   0   0   0   1   4.00000   2.00000   0.00000
24    1   1   0   0   0   1   5.00000   2.00000   0.00000
25    1   1   0   0   0   1   6.00000   2.00000   0.00000
26    1   1   0   0   0   1   7.00000   2.00000   0.00000
27    1   1   1   1   1   1   8.00000   2.00000   0.00000
28    1   1   1   1   1   1   0.00000   3.00000   0.00000
29    1   1   0   0   0   1   1.00000   3.00000   0.00000
30    1   1   0   0   0   1   2.00000   3.00000   0.00000
31    1   1   0   0   0   1   3.00000   3.00000   0.00000
32    1   1   0   0   0   1   4.00000   3.00000   0.00000
33    1   1   0   0   0   1   5.00000   3.00000   0.00000
34    1   1   0   0   0   1   6.00000   3.00000   0.00000
35    1   1   0   0   0   1   7.00000   3.00000   0.00000
36    1   1   1   1   1   1   8.00000   3.00000   0.00000
37    1   1   1   1   1   1   0.00000   4.00000   0.00000
38    1   1   0   0   0   1   1.00000   4.00000   0.00000
39    1   1   0   0   0   1   2.00000   4.00000   0.00000
40    1   1   0   0   0   1   3.00000   4.00000   0.00000
41    1   1   0   0   0   1   4.00000   4.00000   0.00000
42    1   1   0   0   0   1   5.00000   4.00000   0.00000
43    1   1   0   0   0   1   6.00000   4.00000   0.00000
44    1   1   0   0   0   1   7.00000   4.00000   0.00000
45    1   1   1   1   1   1   8.00000   4.00000   0.00000
46    1   1   1   1   1   1   0.00000   5.00000   0.00000
47    1   1   0   0   0   1   1.00000   5.00000   0.00000
48    1   1   0   0   0   1   2.00000   5.00000   0.00000
49    1   1   0   0   0   1   3.00000   5.00000   0.00000
50    1   1   0   0   0   1   4.00000   5.00000   0.00000
51    1   1   0   0   0   1   5.00000   5.00000   0.00000
52    1   1   0   0   0   1   6.00000   5.00000   0.00000
53    1   1   0   0   0   1   7.00000   5.00000   0.00000
54    1   1   1   1   1   1   8.00000   5.00000   0.00000
55    1   1   1   1   1   1   0.00000   6.00000   0.00000
56    1   1   0   0   0   1   1.00000   6.00000   0.00000
57    1   1   0   0   0   1   2.00000   6.00000   0.00000
58    1   1   0   0   0   1   3.00000   6.00000   0.00000
59    1   1   0   0   0   1   4.00000   6.00000   0.00000
60    1   1   0   0   0   1   5.00000   6.00000   0.00000
61    1   1   0   0   0   1   6.00000   6.00000   0.00000
62    1   1   0   0   0   1   7.00000   6.00000   0.00000
63    1   1   1   1   1   1   8.00000   6.00000   0.00000
64    1   1   1   1   1   1   0.00000   7.00000   0.00000
65    1   1   0   0   0   1   1.00000   7.00000   0.00000
66    1   1   0   0   0   1   2.00000   7.00000   0.00000
67    1   1   0   0   0   1   3.00000   7.00000   0.00000
68    1   1   0   0   0   1   4.00000   7.00000   0.00000
69    1   1   0   0   0   1   5.00000   7.00000   0.00000
70    1   1   0   0   0   1   6.00000   7.00000   0.00000
71    1   1   0   0   0   1   7.00000   7.00000   0.00000
72    1   1   1   1   1   1   8.00000   7.00000   0.00000
73    1   1   1   1   1   1   0.00000   8.00000   0.00000
74    1   1   1   1   1   1   1.00000   8.00000   0.00000
75    1   1   1   1   1   1   2.00000   8.00000   0.00000
76    1   1   1   1   1   1   3.00000   8.00000   0.00000
77    1   1   1   1   1   1   4.00000   8.00000   0.00000
78    1   1   1   1   1   1   5.00000   8.00000   0.00000
79    1   1   1   1   1   1   6.00000   8.00000   0.00000
80    1   1   1   1   1   1   7.00000   8.00000   0.00000
81    1   1   1   1   1   1   8.00000   8.00000   0.00000
1   49
11      3   -1.30612
12      3   -1.30612
13      3   -1.30612
14      3   -1.30612
15      3   -1.30612
16      3   -1.30612
17      3   -1.30612
20      3   -1.30612
21      3   -1.30612
22      3   -1.30612
23      3   -1.30612
24      3   -1.30612
25      3   -1.30612
26      3   -1.30612
29      3   -1.30612
30      3   -1.30612
31      3   -1.30612
32      3   -1.30612
33      3   -1.30612
34      3   -1.30612
35      3   -1.30612
38      3   -1.30612
39      3   -1.30612
40      3   -1.30612
41      3   -1.30612
42      3   -1.30612
43      3   -1.30612
44      3   -1.30612
47      3   -1.30612
48      3   -1.30612
49      3   -1.30612
50      3   -1.30612
51      3   -1.30612
52      3   -1.30612
53      3   -1.30612
56      3   -1.30612
57      3   -1.30612
58      3   -1.30612
59      3   -1.30612
60      3   -1.30612
61      3   -1.30612
62      3   -1.30612
65      3   -1.30612
66      3   -1.30612
67      3   -1.30612
68      3   -1.30612
69      3   -1.30612
70      3   -1.30612
71      3   -1.30612
3   64   1
1   2.0e+11   0.30   0.010
1       1   2   11   10   1
2       2   3   12   11   1
3       3   4   13   12   1
4       4   5   14   13   1
5       5   6   15   14   1
6       6   7   16   15   1
7       7   8   17   16   1
8       8   9   18   17   1
9       10   11   20   19   1
10      11   12   21   20   1
11      12   13   22   21   1
12      13   14   23   22   1
13      14   15   24   23   1
14      15   16   25   24   1
15      16   17   26   25   1
16      17   18   27   26   1
17      19   20   29   28   1
18      20   21   30   29   1
19      21   22   31   30   1
20      22   23   32   31   1
21      23   24   33   32   1
22      24   25   34   33   1
23      25   26   35   34   1
24      26   27   36   35   1
25      28   29   38   37   1
26      29   30   39   38   1
27      30   31   40   39   1
28      31   32   41   40   1
29      32   33   42   41   1
30      33   34   43   42   1
31      34   35   44   43   1
32      35   36   45   44   1
33      37   38   47   46   1
34      38   39   48   47   1
35      39   40   49   48   1
36      40   41   50   49   1
37      41   42   51   50   1
38      42   43   52   51   1
39      43   44   53   52   1
40      44   45   54   53   1
41      46   47   56   55   1
42      47   48   57   56   1
43      48   49   58   57   1
44      49   50   59   58   1
45      50   51   60   59   1
46      51   52   61   60   1
47      52   53   62   61   1
48      53   54   63   62   1
49      55   56   65   64   1
50      56   57   66   65   1
51      57   58   67   66   1
52      58   59   68   67   1
53      59   60   69   68   1
54      60   61   70   69   1
55      61   62   71   70   1
56      62   63   72   71   1
57      64   65   74   73   1
58      65   66   75   74   1
59      66   67   76   75   1
60      67   68   77   76   1
61      68   69   78   77   1
62      69   70   79   78   1
63      70   71   80   79   1
64      71   72   81   80   1
