Plate Element Test - 36 Elements (6x6 Grid)
49     1   1   1
1     1   1   1   1   1   1   0.00000   0.00000   0.00000
2     1   1   1   1   1   1   1.33333   0.00000   0.00000
3     1   1   1   1   1   1   2.66667   0.00000   0.00000
4     1   1   1   1   1   1   4.00000   0.00000   0.00000
5     1   1   1   1   1   1   5.33333   0.00000   0.00000
6     1   1   1   1   1   1   6.66667   0.00000   0.00000
7     1   1   1   1   1   1   8.00000   0.00000   0.00000
8     1   1   1   1   1   1   0.00000   1.33333   0.00000
9     1   1   0   0   0   1   1.33333   1.33333   0.00000
10    1   1   0   0   0   1   2.66667   1.33333   0.00000
11    1   1   0   0   0   1   4.00000   1.33333   0.00000
12    1   1   0   0   0   1   5.33333   1.33333   0.00000
13    1   1   0   0   0   1   6.66667   1.33333   0.00000
14    1   1   1   1   1   1   8.00000   1.33333   0.00000
15    1   1   1   1   1   1   0.00000   2.66667   0.00000
16    1   1   0   0   0   1   1.33333   2.66667   0.00000
17    1   1   0   0   0   1   2.66667   2.66667   0.00000
18    1   1   0   0   0   1   4.00000   2.66667   0.00000
19    1   1   0   0   0   1   5.33333   2.66667   0.00000
20    1   1   0   0   0   1   6.66667   2.66667   0.00000
21    1   1   1   1   1   1   8.00000   2.66667   0.00000
22    1   1   1   1   1   1   0.00000   4.00000   0.00000
23    1   1   0   0   0   1   1.33333   4.00000   0.00000
24    1   1   0   0   0   1   2.66667   4.00000   0.00000
25    1   1   0   0   0   1   4.00000   4.00000   0.00000
26    1   1   0   0   0   1   5.33333   4.00000   0.00000
27    1   1   0   0   0   1   6.66667   4.00000   0.00000
28    1   1   1   1   1   1   8.00000   4.00000   0.00000
29    1   1   1   1   1   1   0.00000   5.33333   0.00000
30    1   1   0   0   0   1   1.33333   5.33333   0.00000
31    1   1   0   0   0   1   2.66667   5.33333   0.00000
32    1   1   0   0   0   1   4.00000   5.33333   0.00000
33    1   1   0   0   0   1   5.33333   5.33333   0.00000
34    1   1   0   0   0   1   6.66667   5.33333   0.00000
35    1   1   1   1   1   1   8.00000   5.33333   0.00000
36    1   1   1   1   1   1   0.00000   6.66667   0.00000
37    1   1   0   0   0   1   1.33333   6.66667   0.00000
38    1   1   0   0   0   1   2.66667   6.66667   0.00000
39    1   1   0   0   0   1   4.00000   6.66667   0.00000
40    1   1   0   0   0   1   5.33333   6.66667   0.00000
41    1   1   0   0   0   1   6.66667   6.66667   0.00000
42    1   1   1   1   1   1   8.00000   6.66667   0.00000
43    1   1   1   1   1   1   0.00000   8.00000   0.00000
44    1   1   1   1   1   1   1.33333   8.00000   0.00000
45    1   1   1   1   1   1   2.66667   8.00000   0.00000
46    1   1   1   1   1   1   4.00000   8.00000   0.00000
47    1   1   1   1   1   1   5.33333   8.00000   0.00000
48    1   1   1   1   1   1   6.66667   8.00000   0.00000
49    1   1   1   1   1   1   8.00000   8.00000   0.00000
1   25
9       3   -2.56000
10      3   -2.56000
11      3   -2.56000
12      3   -2.56000
13      3   -2.56000
16      3   -2.56000
17      3   -2.56000
18      3   -2.56000
19      3   -2.56000
20      3   -2.56000
23      3   -2.56000
24      3   -2.56000
25      3   -2.56000
26      3   -2.56000
27      3   -2.56000
30      3   -2.56000
31      3   -2.56000
32      3   -2.56000
33      3   -2.56000
34      3   -2.56000
37      3   -2.56000
38      3   -2.56000
39      3   -2.56000
40      3   -2.56000
41      3   -2.56000
3   36   1
1   2.0e+11   0.30   0.010
1       1   2   9   8   1
2       2   3   10   9   1
3       3   4   11   10   1
4       4   5   12   11   1
5       5   6   13   12   1
6       6   7   14   13   1
7       8   9   16   15   1
8       9   10   17   16   1
9       10   11   18   17   1
10      11   12   19   18   1
11      12   13   20   19   1
12      13   14   21   20   1
13      15   16   23   22   1
14      16   17   24   23   1
15      17   18   25   24   1
16      18   19   26   25   1
17      19   20   27   26   1
18      20   21   28   27   1
19      22   23   30   29   1
20      23   24   31   30   1
21      24   25   32   31   1
22      25   26   33   32   1
23      26   27   34   33   1
24      27   28   35   34   1
25      29   30   37   36   1
26      30   31   38   37   1
27      31   32   39   38   1
28      32   33   40   39   1
29      33   34   41   40   1
30      34   35   42   41   1
31      36   37   44   43   1
32      37   38   45   44   1
33      38   39   46   45   1
34      39   40   47   46   1
35      40   41   48   47   1
36      41   42   49   48   1
